0
.
3
4
9
5
0
3
3
1
1
2
5
8
2
7
8
1
6
 
0
.
1
6
7
7
4
1
3
2
8
4
1
6
9
4
2
8
40
.
3
5
3
6
4
2
3
8
4
1
0
5
9
6
0
3
 
0
.
1
7
1
7
9
4
7
8
3
0
2
9
5
9
5
6
40
.
3
5
8
6
0
9
2
7
1
5
2
3
1
7
8
8
 
0
.
1
7
6
2
6
5
7
6
6
5
5
1
8
0
9
80
.
3
6
3
9
0
7
2
8
4
7
6
8
2
1
1
9
4
 
0
.
1
8
0
6
6
8
0
9
2
5
4
3
9
9
2
5
20
.
3
6
8
5
4
3
0
4
6
3
5
7
6
1
5
8
7
 
0
.
1
8
4
0
7
1
5
5
5
9
1
5
6
4
6
9
40
.
3
6
9
2
0
5
2
9
8
0
1
3
2
4
5
0
3
 
0
.
1
8
5
4
6
4
7
6
3
1
8
9
1
6
0
1
60
.
3
7
2
0
1
9
8
6
7
5
4
9
6
6
8
8
7
 
0
.
1
8
6
6
7
5
2
2
6
6
5
9
6
4
6
1
40
.
3
7
3
5
0
9
9
3
3
7
7
4
8
3
4
4
4
 
0
.
1
8
9
2
5
5
5
0
0
5
4
8
0
8
7
8
20
.
3
7
5
4
9
6
6
8
8
7
4
1
7
2
1
9
 
0
.
1
9
1
2
1
8
3
1
5
5
6
5
5
2
4
6
30
.
3
7
6
6
5
5
6
2
9
1
3
9
0
7
2
8
6
 
0
.
1
9
4
0
0
4
7
0
6
9
2
8
4
1
7
8
4