0.09917218543046358 0.04578857212496185
0.09950331125827815 0.04519096526376867
0.10413907284768212 0.050212768823297026
0.20811258278145695 0.10226533582378114
0.32334437086092715 0.18337101144343299
0.3933774834437086 0.23000010921717187
0.4369205298013245 0.2545813421260998
0.4599337748344371 0.2679539238351004
0.472682119205298 0.27515054561482544
0.48311258278145697 0.2786159104873753
0.4915562913907285 0.2823667002984012
0.5061258278145695 0.28787927751230363
0.5162251655629139 0.2950200348203151
0.5302980132450331 0.3034366222850228
0.5435430463576159 0.31262134022029625
0.5577814569536423 0.32105682637333693
0.5761589403973509 0.3326028714438126
0.5821192052980132 0.33902512506293236
0.5892384105960264 0.34440938385045744
0.5995033112582782 0.3515903601001948
0.6067880794701986 0.35628441529882604
0.6144039735099338 0.36234023185740916
0.6190397350993377 0.3657193943500592
0.6253311258278146 0.36950744726524987
0.6317880794701987 0.37402153183077974
0.6374172185430463 0.37685012618176633
0.6422185430463576 0.3798945918415104
0.6471854304635761 0.3840033448181767
0.6493377483443709 0.3863958331719394
0.6538079470198676 0.38995404399283146
0.6564569536423841 0.39133384015407746
0.6582781456953642 0.3934092660282871
0.6632450331125828 0.3968895481137632
0.6660596026490067 0.3990698469533188
0.6667218543046357 0.3998650991400188
0.6677152317880795 0.4017629586351856
0.6698675496688742 0.404645230277713
0.6705298013245033 0.4054306274817075
0.6723509933774835 0.4076990642571705
0.6756622516556291 0.41008515563811215
0.6779801324503312 0.4117141246095177
0.6804635761589404 0.41414980504583404
0.6814569536423841 0.41451788392213157
0.6834437086092715 0.41554747227293715
0.686092715231788 0.41727246916170785
0.6859271523178808 0.41686300361578527
0.6880794701986755 0.418750090073575
0.6869205298013245 0.41813102863743373
0.688907284768212 0.41995208247208293
0.6907284768211921 0.4207251565444964
0.6915562913907285 0.4212706882717709
0.6927152317880795 0.42160136563296746
0.6925496688741721 0.42295191142081257
0.694205298013245 0.4238541683900081
0.695364238410596 0.42584907272441264
0.6960264900662252 0.42532650734431376
0.696523178807947 0.4259936841584886
0.6960264900662252 0.4264647114751855
0.6963576158940398 0.427182069986056
0.6960264900662252 0.42766613312037255
