0.6043046357615894 0.3434704992247928
0.6579470198675497 0.39311999679933785
0.6791390728476822 0.4146855918119379
0.6812913907284768 0.4045096809537356
0.7167218543046358 0.442595708572119
0.7347682119205298 0.46180544315126354
0.7153973509933775 0.44585301833792806
0.7402317880794702 0.46290363027342896
0.7370860927152317 0.4702324587574083
0.7332781456953642 0.46104481712293344
0.7354304635761589 0.46909445756609197
0.7443708609271523 0.4761667751837
0.7481788079470199 0.48454464452516793
0.7403973509933774 0.4699741274513293
0.7374172185430463 0.46533641010146115
0.7556291390728477 0.47987134250804636
0.7432119205298013 0.46763598895636743
0.7448675496688741 0.47466876664691554
0.7508278145695364 0.4823094932474474
0.7334437086092715 0.4688040837232198
