0.7281456953642385 0.46173631776511287
0.7402317880794702 0.4725769330540918
0.7447019867549669 0.4764933759405832
0.7483443708609272 0.47783304739156346
0.7486754966887417 0.47853522562765427
0.7509933774834437 0.48078092583673765
0.7498344370860928 0.48144436936473983
0.7509933774834437 0.48270900641617603
0.7506622516556292 0.4827655464508951
0.7503311258278146 0.482323951777696
0.75 0.48296391508373004
0.7486754966887417 0.48226992363389637
0.7481788079470199 0.4820492227081178
0.7480132450331126 0.48215781959666254
0.7478476821192053 0.4818365332466895
0.7475165562913907 0.48169626184231074
0.7468543046357616 0.4821041285658062
0.7471854304635761 0.4817966326555178
0.7478476821192053 0.48197152060297777
0.7470198675496689 0.4817832224476259
